6606975147525583946
9136025565791717287
5085587447626723955
2094949983885556415
8399423072141603911
3333540348892985515
8221912210077783684
7798216134013215782
1151413630609481874
431963813799761880
1375468131088838097
1151727617241162087
7264157971574102351
6293632906165027284
9027538173327873239
989654910177740268
2076256457989206750
1114378546286545642
7218468076624901387
5242088661290277538
5692226768813268895
4284323580951282296
7643193754358698231
8456662059469237716
3746962161662429909
3843292037301809510
242115162937837689
5818548330944803130
5811075191013220252
6205751167784926002
1350617818970503867
5800976759189857699
4174756233229817732
2652224311740278984
7173950843664384321
7135639040720991103
5916263145971306988
7473550588479651783
4614342040854161531
4880088863167049373
6991569406166893697
700064976742350867
7565788678193246990
7625872710900584067
1318646147767199356
2543002133736542747
1061370202166525663
2999919681359097079
5986813982798964513
5549916244726081255
6528376908724611037
2255338590204744564
5600511454730661539
6755082447275802904
4408361493738206150
6723548579818938273
7051014135922460469
5900600336021757146
8107002457539283348
1721750507547947809
7023111842840639678
7763661198834132095
226871889061169591
843463406662017236
8588613321717428234
4526374497062450034
2504503915251761910
4475920730306306997
4571983208282341288
990796836212641455
3985141164484714415
1296539664973812966
8790743857963179
7139001818036055695
5858548454952271421
7196391249563046723
1432531494441572709
7546278071015567638
8549734707749322774
5127949810747834838
6963890022409401607
1326276541168434381
4911719548546253850
4436349663990158987
6145460850992991467
1359931491546878937
4400120437527730833
3667167432765494293
1418167154405816549
8689748118021518574
1929432708190450751
4190547641359119153
8656157557704604840
7381573410873986492
7826937207192137592
3156095957239887176
1296864647728353009
5266658395554787115
4367957811485062752
7234061371735554119
7911200127250327690
798520669185418509
1215742244688374178
5760890541777080864
9184711572035197945
2514641562001732548
5506586718584364161
8104236811690987985
4544232104383246892
5899670437528929826
1914682614655349925
8238080076738907331
6254826480599349870
8884856097022504514
5072353808340812656
4348808989966801559
1519712377770155528
6544581611956412833
6983458906321779441
1912792457340740920
1518881070922153064
2295630381305627634
3345204696128445109
1930880292514266944
7674210272076429253
463105925723756877
5897740574263045362
306320312592621432
5175814462179351704
5465645544475113914
4776399453044684172
7756871116201830215
4957989498209263275
6664857512146892505
3784685591983551324
4577848755438927539
672708378666023319
2506316843906645919
5898072996087804917
2904418342047406774
7741784122837198006
3440616889054041499
4076651174945240180
6394345168096521598
6772291543691993045
2079714291477471896
1541262172318279742
588184336522782944
4831777195611859074
3719641187344203415
3842099985264413090
5356777868775505504
2726861237208480747
624269996061294964
428286472209256395
1441154860416890378
2247953779604231926
8849415190321603536
8296223996660891542
3002494324528289769
3252705544907935484
3220894057295918171
6033575743154687297
5707963985344580619
5274166298532443105
148359929525740564
4569944801931688900
5300361865848916394
3888114488119614648
4453331456223243491
592845274760834206
1529683949822671156
3709051155867124189
7088462724935074377
742690905594156431
5971341205707194120
7267055863751400386
3442152045348889249
6380904818458037277
1377182744818553585
1910266178114257594
6194041642915836372
5947713628174326009
1492769210727691552
6514729840687632049
5441118684424270922
1785377197515845187
4815751004091621423
4309330368407559425
4361408885980077250
7320044207121378723
4967551331837620670
9035301852257886808
5221650958891422054
2612639901023236923
5724597991499750647
5957133245644673644
6975618482015672001
4397542935455542013
8421835213430158767
2187681423286695688
8189264591472392477
7688446364716450522
4440668819594983449
6186083836522337826
528214949382937710
7515714190570204793
9166092303741412917
7030516493423947688
4269336138920248840
2694042317938028399
5918011860992746370
5997923308888640218
1024551124344848843
4198079703938991927
1305057197561734177
3786443959059516273
4696427991410316385
7261346751404764821
5189528001474379175
7215240089415766401
6173224365617859805
5573568742232003482
8935548392429664408
5613047920308901010
661040513203676204
2027097705579752699
3855474969762780125
5076639890158162619
3509898420250711043
3526351160667680661
7866253325641534493
5485846021957629081
8167483215734224032
471383785111642087
2990143227775414439
4038285954129725849
8288316192067974759
6002770257092847867
1358648932153744987
3481557091966921965
1659655522825072530
1240626400122961327
378564924934631142
5575864336676341879
4197556754847777368
5872906952914655766
3849381206953915415
7456339231746749181
5006279303093727281
3196023526978810001
1267807223343608481
3286479414839974227
7396605429880579987
905895514336348141
8551864919386118293
6532969584342566542
6277499046328695012
4680619554411354100
5296370808212802096
8111198916752984741
91642914446873902
2906974114522773440
5176094774976840346
1717176970724738278
4209772083810886493
3272101520639649541
7296551025272036585
7679053088878398391
4706696866782496006
8733253060427158379
2403235401465962310
7288739848317562889
1267331814666621257
1574077570471809171
3392731496861295593
1182779537678940553
8507640502964532913
524385492689787458
4208265437187558015
9008926452333473533
4762785208956233265
7918550060808396564
2407015109695668251
3831686921673237038
4644660865648739846
4290215745482400888
3488146663901349357
5715116407652933158
8438707161851418417
7304331973907731374
5549333961344622760
6024293792595007903
821847718501089788
1724785923854022752
8444840214834980377
3176228655352153371
4103982808176428549
6864893417680616863
6207153618954914516
5579428747765832455
2594983196535855161
8377350938192160740
3955342926545089951
1933796226070201462
7225565575779316828
3622807543680141211
6643220234119397098
7507517545834163206
169365523324040195
8595335419606446649
4613485255163324129
3015028926141274609
5129483903293680557
7640270388458363594
2167397639364197404
1671141782269708664
665581579076821729
2761967955701492810
8101147162683749346
7906423370198684508
1717783623117544558
8416568852414528122
331268113619757752
3120656693901180830
2737421921697973076
7052382290700134939
8959554131701651431
8868733099961916196
7135307524189637348
1283957517802220819
8927268100652866080
3368119111052947745
6450689644265398369
3760859504279456471
3053138209679397854
2671548468149539502
9001435981530402063
2115788052170288944
4159912147371088989
4352670011077756755
3500055828556022516
8365585951289144162
2148385524136137051
7928436226772465033
3529687152329116837
358206108154799645
7320531859722510061
2922152110778536781
4912669043641831612
4692159545508044366
767656240311663766
528679671597749122
1408180370686358086
6385542170391029783
5541190069980834438
7664666200628131317
3362388272030126798
8529029032674421171
5345037396517563584
1297418199145400552
6761213627894528554
9191135293096534188
6873509564906216148
156257155979873115
5693148680671454048
6744187021671844895
8803624420317598987
2933148924663921601
683100164838318397
2839697858264979175
5768621947936459468
5443705272086907948
5703880482036782987
7646988950744075194
9052679383044756488
1075732582866417422
8581451620928473919
3490545415867752643
7587984179484653389
4120075068632973629
4395431301442297560
2614210423001938802
551905931226780523
4828850723675531105
8742470549632393212
9021252509381455595
2938650094829167554
6282035912052178780
5721048283554655210
440525149311635962
6375334973655285969
4746592523744181460
2787060867208386547
5401881955949963254
8012273406203258695
4017954845594552667
6276057022937758140
8744070878050719713
3452686224643891371
7404366856425778270
984757096493729012
4095722890825932148
4485611963294243692
6533976266836935933
4414175032828679558
3082435555954120540
5602254343214243992
8981062358399705935
3850282912287558825
126394942128340859
2118480334827237290
1576428555179104187
8137286334569146376
8983352248874255615
1417660697836200841
8988971402935695479
4042983819034027052
1092380921658769829
3008682732924208979
1872935546397967871
5642522698649829338
6992412038273482052
497693202925996922
6100505069773106353
4241086582278317163
1393108133698375460
8240940770424973447
4337744043609336640
8868250341898890232
3872715118503526529
4320032340170993022
2700752097261262998
6281916177322966274
2703072526732117087
4713020343403744197
1066991027970809117
293132614496111872
2767714480490571641
6493553256707455053
3452378212536182445
4521146739998776638
8643433294024702608
3297153488565260423
4057789731269115747
7193940711437545941
4537214189765808028
8186027860625413448
7267241429990538220
8096292888824385615
903043693048854054
7014458840336352399
3569570429975701585
1864432446265156806
4219229263848172605
6281873513792317225
4335333759489108391
5078979065182516356
2778965889477375752
5961431135203343957
3731197807046753486
8686955402968747687
1205208231775047665
4014185400124161083
9089851915606875149
8780784519913456893
686633690437927406
6819335960046454111
4136473931423501573
1603408878211733486
6523202269610393310
5436409495561390611
8366381083861848876
1634920476663431721
5270203575022871229
8732710777015993623
6999954799519041446
7859372191484958963
2173358696832200368
3401092435244567517
5020015745717825459
698655014148407555
7685203727330667946
1608553711997279143
7478118483022181819
789467708467296154
4455161271029374862
8612787552181623905
4246192309908784531
5302917670009422638
6752249612974648868
9096045977070853091
8781081993509388925
761550850001527095
4633632659641014421
8304838908216691133
5593096977418990051
7928140245439289427
647996531079515695
4435090212341733029
5188361128627795818
7866771277172244525
5577614430376479573
9095170328157125886
8867997806782795094
4352807547548538513
7631206158260315995
4991640809316246097
6405720415721119579
8097321712253154553
1680079537942117201
6021034683491727817
5329836474420461675
6833030106471316827
7996259753753799556
4869333298519943303
2627151377279012151
2649545346997220822
1500972253018087238
2892008912923823712
738242008767679458
6696880194529198028
4958227470080939437
4601643798141765267
2750913970318662703
848226410026171570
6632175919862004638
9052233857072873983
1426036941349527833
5223513253862366711
1905596788413253951
7707332674595060937
168495808032046423
5159272058853484502
3124608885075158535
7607240078299546047
1550554544850380248
7339932089443451329
3935944150063939716
9140678392294542404
5209656512402063903
5387009177711511548
5810238272587934149
2071207605938106733
7386343363033954940
4546792466755387159
2603115421132638104
2003261458920652266
8099353966639375272
8018168000893130239
4205635752973002485
4971755049877202316
1895489141583603024
3679657824408736225
6456497308065911241
3569097908592124578
1430999209584330244
7531702947437319008
5653549702677402854
196174560318954041
7562323431789814699
6612314474511149609
4367652573553219553
4223766414018719819
8054881276413634133
2186744553582431472
2558772454882116738
1834903555805022377
7156607509806171055
8381069281641148468
1326065997480946673
808550652206654927
925518329693143917
6902226382469543047
701419959507913219
3285070510356552581
7387441343699222635
4730591193351278637
3235291005431299161
7820428749591205398
5215290253371759111
2365667894586382678
8100562796178349766
8079034606827642538
3893541257076602021
1022422008162760007
7290386272331542960
1662871582984385174
7063034427429099374
7422216441312134908
5124240090901979609
8594281041265474351
3171695063948331801
7328504224615042484
2845332112262735859
6990827882619274968
5492014092116591374
2607957882581380498
6154774118173048249
2081691236089546941
5538536475521522108
4875519007720145058
8975480725605923397
5300821190486162882
4089923701279416275
4554084690183054641
816778591943976781
6717916691154951052
1317231234053758467
6463435945964081148
4299700208323302826
2817255428056818235
5748563118838957793
6357579639135047513
2424526942644841013
1671080364745917625
220850079890053329
8916865322044303974
8291507516964137338
1650593418944940648
831572625301306242
1821300164684321541
190175711886131738
524930462929123225
8944608168207958574
4840971363294233851
7532613675477483809
4089664709626093640
131461444211131894
1632150248547974356
5278744016160209590
3726296847561755982
3054101308458224850
3758685258697862577
9172813129281222120
848493962993026279
2839586301390180888
2275869143987160628
8279179470959838275
717342896962070670
2843924479619285634
6625806099518360799
6372670480541123321
6311976023355297155
5211819750080675723
1114450357384227325
2232450140919797075
1226607902658840089
5012528589332940401
8384959227162893688
7193281029978846329
1913016702253082270
6324793848220674682
1781215245975764149
2614506016321786339
5539087984575687759
8381285302643805429
6562700437465261431
5871950092543140263
7235027595145590124
3509109824230667272
1008044014950221822
861470295755087461
6838431727942003366
189024228940279247
930746722198144809
3136628661665706856
756019751727020252
2183686814649344729
511123982600117920
3363213383556358776
976093455187988266
8434377287673936940
5542091472899522922
7473208215630984132
2724033451800637179
8392713488400105940
665411155914330524
5494624672216792880
8913930817077919111
188443739276119474
4795109062737582409
1821101054134618874
5913641930645235265
5483396760128376986
2180056302289432394
6010628023414921240
1667114898394740898
1982263685181622694
2468906293508880705
238910464720780575
3204015429116841439
444842813996815261
1237985359266713469
2480437758356045575
8528621959763351088
920771258304791103
6442759085449144081
7535672414174491823
5310313981569838170
8949242459415863361
8313327296190992591
7084853743935186303
8067589913743654497
7126026246440092938
2540595817057864905
2211168699388231729
2775108974607347213
7716075211841594641
1257281639076950842
373401936948404907
3037616407458642409
7643625268309187453
268142117740265733
968877452784276734
3003789832518777484
5555576382222385224
7921413473201062215
3280957717885436766
995528420740538195
7406220420754203959
4819302247760920119
448499484295567891
7566848339559126935
7403242824270798951
5142981304220392442
5514522833277014623
3002163901016885117
4802507892704311450
2125198692085789639
420393923706151234
3039883882724296651
9071955974880230836
3074471968200679235
8101347634265537017
2965883519090455885
4336936717314529788
7057383043626386609
8094799935594074932
736166933732036048
1948620474464639107
1947606302200066103
2166863393156209770
3139423033552194503
9050792284193934617
3911091052005500328
6127760992622518422
8860802618943317779
8228657300933308497
2131733195649269320
3912724855663224720
5059472979134032157
3430405290022358554
1054352916423006844
7936269918034100273
6074061339160804327
6914031837641349746
5879827044193918929
4855966990112546053
6772682387689431702
6513070602877337391
8270642882831028142
4800073744184470329
7304176763349326459
6122200393153113195
2819815927631121160
3063866452139124016
5425888671835873665
2958358621295413886
2552024219925440760
8777555708256193776
1303321349335728277
5027671261167690374
1825248458101084700
1959669594039176040
1326903446726024136
1782236610408764005
619402701563673545
572323119415976925
7368967834844661656
401325044260848764
2325262270983261872
9012802554031676872
7313302204014793150
8326447125760676104
3480489857630593314
5596872314001900817
3013606837364728972
5039109122958158045
7581259369825993611
1968284760208331566
6918078544187384493
1148493699872540901
6523954591693442943
3175533590222861674
551544122128851949
801456450358102717
339107757772768512
7491509149292711332
7964394746277282334
2077424438867053021
3300984177134945808
5206038250930323798
2674802088663740208
8865228150898002517
2739475913921662680
9125675502518540287
6323668501503101381
6989105132394389732
6434509126530396217
6327537045777599037
4977973745890981717
6753410831927318013
9154303529307681340
5073802174764152378
8792884342619593669
6517606567712056179
3528466142866689860
6844730594940407574
7597906220601463156
5508031172822173679
8638443517676906467
7821709516911753000
1646509855219520558
3690645248427995680
3393312775481569554
105173210938300461
6302717434297473666
4743577982417204678
4507615671673794516
5372023896342976359
4314634158943745972
653426202024987154
4766158696772966872
3042244946959567136
2374610177273086257
6864776410051267796